8.178055476732269957e-01 4.487444806127852820e-02 2.430006428365297580e-02 0.000000000000000000e+00 2.484590298650886722e-02 5.053526533725421523e-03 1.800062777475538306e-02 1.574859127224398185e-03 6.940465625717317415e-04 0.000000000000000000e+00 0.000000000000000000e+00 0.000000000000000000e+00 1.807412923363884532e-06 0.000000000000000000e+00 6.284916958413236387e-02
4.562983604110168456e-02 7.164680416988032929e-01 1.895852511631378537e-02 0.000000000000000000e+00 1.066106038364889458e-01 2.313835742542233627e-03 6.170228646779289672e-03 1.199213793446620054e-02 1.741596795461896479e-04 0.000000000000000000e+00 0.000000000000000000e+00 0.000000000000000000e+00 0.000000000000000000e+00 0.000000000000000000e+00 9.168263130395840066e-02
2.659430761497864060e-01 1.048159085197285789e-01 2.527959286252827176e-01 0.000000000000000000e+00 1.118214375471223987e-01 3.031540588087459041e-03 1.985423473234481165e-02 6.550012565971349669e-03 6.597134958532294927e-04 0.000000000000000000e+00 0.000000000000000000e+00 0.000000000000000000e+00 1.570746418698165217e-05 0.000000000000000000e+00 2.345124403116360945e-01
1.449312603109533526e-01 2.266260060990851408e-02 5.797730340448932485e-02 0.000000000000000000e+00 2.761485777133430158e-02 6.981952707093935957e-03 4.063490476428535669e-02 5.702144678298255373e-03 2.507623856421536609e-03 0.000000000000000000e+00 0.000000000000000000e+00 0.000000000000000000e+00 5.999100134979753416e-06 0.000000000000000000e+00 6.909813527970803948e-01
7.161867339828892343e-02 1.353330211200840794e-01 5.083555118964670078e-02 0.000000000000000000e+00 4.371708910642283508e-01 4.877380150090808442e-03 1.567158212160325165e-02 2.142277862176887940e-02 6.739237209727346302e-04 0.000000000000000000e+00 0.000000000000000000e+00 0.000000000000000000e+00 5.711217974345208946e-06 0.000000000000000000e+00 2.623904873953419314e-01
1.827734615169638449e-02 5.868872617517187362e-04 4.750992118942484982e-04 0.000000000000000000e+00 1.103906992342518559e-02 8.900005589402493200e-01 6.288077804482700497e-03 4.471521994298809522e-04 7.182382203342462836e-03 0.000000000000000000e+00 0.000000000000000000e+00 0.000000000000000000e+00 0.000000000000000000e+00 0.000000000000000000e+00 6.570342630372813519e-02
3.467355219476207784e-02 2.877167097012172520e-03 4.057543341940243742e-03 0.000000000000000000e+00 1.991884913316119537e-03 1.224640354112873503e-02 8.742161563998525065e-01 7.377351530800442970e-04 3.673921062338620508e-02 0.000000000000000000e+00 0.000000000000000000e+00 0.000000000000000000e+00 0.000000000000000000e+00 0.000000000000000000e+00 3.246034673552194993e-02
7.518796992481202590e-03 1.503759398496240518e-02 0.000000000000000000e+00 0.000000000000000000e+00 0.000000000000000000e+00 0.000000000000000000e+00 0.000000000000000000e+00 9.398496240601503793e-01 0.000000000000000000e+00 0.000000000000000000e+00 0.000000000000000000e+00 0.000000000000000000e+00 0.000000000000000000e+00 0.000000000000000000e+00 3.759398496240601295e-02
1.210758794762580894e-02 4.495977283483199548e-03 2.267707840353367938e-03 0.000000000000000000e+00 1.370484303517904975e-03 1.991639059788610170e-03 2.848438239469948050e-02 1.252169111847294472e-03 9.151482883735605478e-01 0.000000000000000000e+00 0.000000000000000000e+00 0.000000000000000000e+00 0.000000000000000000e+00 0.000000000000000000e+00 3.288176368512383402e-02
0.000000000000000000e+00 0.000000000000000000e+00 0.000000000000000000e+00 0.000000000000000000e+00 0.000000000000000000e+00 0.000000000000000000e+00 0.000000000000000000e+00 0.000000000000000000e+00 5.072151352996373366e-06 9.730922370723542603e-01 3.043290811797823986e-04 2.643098070046410314e-02 1.268037838249093418e-04 3.043290811797824189e-05 1.014430270599274673e-05
0.000000000000000000e+00 0.000000000000000000e+00 0.000000000000000000e+00 0.000000000000000000e+00 0.000000000000000000e+00 0.000000000000000000e+00 0.000000000000000000e+00 0.000000000000000000e+00 0.000000000000000000e+00 8.556698825593086577e-05 9.921599247010502998e-01 2.887885853637666388e-03 2.139174706398271644e-05 4.845230709992084939e-03 0.000000000000000000e+00
0.000000000000000000e+00 0.000000000000000000e+00 0.000000000000000000e+00 0.000000000000000000e+00 0.000000000000000000e+00 0.000000000000000000e+00 0.000000000000000000e+00 0.000000000000000000e+00 0.000000000000000000e+00 1.737563683055129773e-02 2.278093029035331129e-03 9.798802965662924969e-01 0.000000000000000000e+00 4.659735741208632150e-04 0.000000000000000000e+00
0.000000000000000000e+00 0.000000000000000000e+00 0.000000000000000000e+00 0.000000000000000000e+00 0.000000000000000000e+00 0.000000000000000000e+00 0.000000000000000000e+00 0.000000000000000000e+00 1.376462491397109373e-03 0.000000000000000000e+00 2.064693737095664276e-03 8.947006194081211575e-03 9.779766001376462015e-01 7.570543702684101768e-03 2.064693737095664276e-03
0.000000000000000000e+00 0.000000000000000000e+00 0.000000000000000000e+00 0.000000000000000000e+00 0.000000000000000000e+00 0.000000000000000000e+00 0.000000000000000000e+00 0.000000000000000000e+00 0.000000000000000000e+00 0.000000000000000000e+00 7.060629316960859159e-02 3.837298541826553947e-03 0.000000000000000000e+00 9.255564082885648913e-01 0.000000000000000000e+00
2.338198211966073178e-02 3.790020631160694042e-02 7.113929854053641089e-02 0.000000000000000000e+00 1.715442805837854301e-01 9.436845724765033361e-02 1.742186903033544898e-02 1.245510812256437651e-02 5.272407732864674984e-03 7.641170627340108869e-05 5.807289676778482415e-03 6.877053564606097711e-04 5.348819439138076479e-04 3.369756246656988030e-02 5.257125391609994702e-01
